34969509481.713
35876066853.7975
14799814010.63
15938618101.2873
224268033.751006
247672229.009667
1137336073.61064
8315971.02056809
10987642671.774
10953509582.0827
80139691.3550786
89894741.2292023
74750679.8078982
77158086.5956934
139224700.101821
46714691.3133047
17594300.3432989
381044331.705044
449300429.359381
465932024.358412
1583450904.89389
2451520879.40745
84074612.4085248
35960274613.8354
15248053.3999809
536095935.762831
5559788.8275377
16126246.2203128
395653414.949019
7485106.56811037
10667800.6192594
72950919.0891089
7945842.07068659
1095884135.25996
1098315072.01358
5375520.22732009
568659051.717654
579680086.37308
65664181.4301261
183120611.423926
186390370.588387
38906426.1524596
2678824026.34602
8235771272.19346
295404687.414129
10818854227.0137
10828114652.3814
2305240.77533729
148050965.967416
577757819.131278
577986718.353335
9529790.87102087
5158074.91252793
21723446.5268991
95944180.952474
189182300.57047
190320612.656541
249997283.9112
10021570.8369478
12915925.55528
3547002086.14891
72386200.5902207
1825004809.49581
13103247.5304648
19172429.6083636
17652732.2050799
1406222601.30513
10464347.1067231
10869316.6992085
56420467.4448982
45188137.7284681
4207138.76242102
11522605769.1216
72706649.6243604
75985317.7306513
2417513.51752361
9664572.12200162
4343388.92274464
160071525.057306
163851004.874254
11527386437.7891
11534255437.3502
347530188.252288
14774615595.4292
268830557.62892
271161700.632304
122846341.303878
126658148.712769
73197304.4258227
59923259.9410297
61474903.4932674
1603341583.5931
1603509199.59063
246671833.821584
233787141.374512
8424921.50140529
114770139.236668
113719192.575545
75383479.809895
2787113.77448391
5391874.5013015
28913122.4287569
54777774.4850714
83122697.818389
154613589.070419
157163523.248762
4147625.19267068
4193418.28946602
110747517.388515
113152709.845045
62084341.7051082
64480535.9835489
38911297.6620869
138376990.364972
84808402.8710305
8515465.99336285
111250608.776919
1329700356.12434
200734696.711504
210765785.711485
3584651668.17911
3589052354.37376
952318188.417326
9311652.84908644
714462534.680262
475814287.894359
35582440.684699
16029469.1205618
268398965.200902
36703677.9923884
37827157.7822932
346557285.659205
284642463.964436
301247062.222787
59475006.7322318
23457274.5051068
709214585.772758
659872640.582798
659953867.188599
3705366.70789039
6817458.75750893
345714232.116478
2242660868.12605
1060788505.74
887302533.498932
9656436.18544506
13400647.3486437
38531356.8729713
575594189.053987
40818435.5121045
21791065.6971172
303552563.352097
309699874.608293
20849283.6967401
85842501.9395652
106927223.558627
180147894.30911
1670400083.86706
2738075834.61003
2741073296.97304
14227425586.8697
738019458.577517
1597260708.55631
1599292647.98593
1137376945.95831
2764929.86956179
441430245.437177
712651180.719181
209118650.522083
129628773.018531
144587986.515988
20169790.0273898
44815321.7158699
5854940.20662789
183604889.415733
308225333.817798
3201916150.01853
3201976024.52014
43800183.3176718
474963015.897261
69780741.1054381
3064380352.81251
2187636.83406404
332072682.449372
11642715812.8681
2393667118.57523
2400423396.0507
401147889.501342
11648278556.4917
2658712.0810546
12626667.9093546
1938577.15780352
8022924.67562991
2902260332.1438
2902386024.45605
137490066.353637
177314991.215104
179450865.183364
261722790.694658
262825367.120711
445628603.61105
12397274.0550252
9863453214.61056
9874323877.49252
2518869.77661281
53446201.6657911
739220491.537327
741533449.714673
17856524.1875574
21661402.2296672
5043810.70661024
18336237.8349855
43189474.9064895
46073212.2079367
5083564162.2985
53980406.4500641
60482121.841917
115336897.184719
50899149.2218081
238226074.96769
82920549.8156139
72748243.7707773
78374675.3382744
166888503.293757
175277091.898891
85052301.5350446
91625233.9267895
585065361.576153
585719955.335045
9173990.20119465
23435035.802413
532645580.128262
227995231.379968
3228554288.2693
3228686451.63282
324424692.430395
325825333.824488
5951580.49429992
162227691.674448
1272636.90568247
33687520191.9946
59356811.0158264
62505444.0017049
311760889.254144
313508086.385958
87358761.5361277
87590150.2065405
14135748.6581845
309281774.166423
10755490.1355319
4299424.73774384
8608932.04551717
41159045.5328683
41617480.6237149
47712977.7306201
391692624.005236
77883167.7057876
82243486.3073038
182616023.936487
186227719.440951
22567375.6864321
52574290.180583
584707436.013795
61704419.9302312
13098867.0605075
20138659.5560416
8045599.20516474
117666224.332776
5111836545.92747
5112184167.08221
246136397.126066
67112893.3156654
6132229440.69163
6132597033.32637
189279412.408366
251833046.486145
155544746.129493
49653015.0993247
50405832.2129747
30305251.2260214
30357436.6387019
30491237.6649468
11328821693.8662
5078333742.5156
50707588.1821222
21739562.624815
26570986.8802437
156393827.542761
159186734.021759
4292796.37360089
272012442.602796
274936453.751383
19906371.8772841
433323497.439452
436828165.261812
2724406980.5298
2727934589.68464
2173932731.37511
2213187253.25353
142900025.928369
150287297.704254
39241294.5330398
4654022463.07738
11297863829.6095
11298229774.2526
33709860.3783541
35035720.2581589
4179309.32968381
16114720.9178086
259572271.262844
261411261.141926
152895049.00318
178740994.50229
14727517.603473
174953742.003769
5094686537.82801
5099490088.02082
1007414349.04198
80146806.3671449
81890447.2010828
454224618.559594
48120999.6670729
68022857.317296
70824121.8635242
23565509.2114486
30016134.1666355
35168006.8764143
38539680.9852013
26109292.5014709
33250685.9994592
38062239.7109151
39176663.3280837
449225188.340126
367043854.850322
367652761.936585
29658404.8696688
8402202582.11867
333090553.640725
58129843.878222
34129776723.8535
315846942.506931
1881377552.25486
1207685162.90434
120810538.726649
258720835.915508
264222854.515309
67759389.2355909
68934380.5170203
183596666.238919
265399388.703007
272395956.130651
270914249.758975
223218006.161466
53727557.119565
1130201553.34295
1148214624.74768
10113984619.2453
190044144.384085
193283622.325719
94546355.6424154
16644706.0767284
22093631.7065286
1576847617.78848
8896990.68896005
13798706.0669684
34268834.3907719
45108428.9839934
39970363.2649204
45327322.7831192
851158128.484728
23778601.7854896
6292383260.90525
6296857007.37663
3560062855.28158
3566310902.69044
54253944.9273543
55243148.1727299
810321337.377574
834810932.544513
106434556.951961
140153591.511517
106270503.986529
111654303.449154
239775493.127531
243337954.804974
62404408.3693335
64830996.4175099
154505083.069123
272487322.903923
275528215.408065
27343586.4212704
38681215.8951319
17783007.4657109
19132640.8007122
61778834.0218287
4218191.24108133
255833449.89551
2741436888.92807
3599140.00706462
8087071.21867146
10863415108.0671
10863799551.4124
959485586.044129
963883947.12135
145605927.959328
125107590.666339
125163521.337499
553313348.157341
555150935.095222
44897375.4505085
25775475.9755761
130187334.591012
131425211.474352
72695396.1975114
16019294.5165959
1782059.94992609
91357225.6926263
1595489.65018928
50436158.2689854
735089849.789813
74436249.4596094
76175347.6940496
1556672.26182645
410736789.074322
83653312.8633067
54121490.3697517
56904305.7481957
490672933.182057
60724384.7158908
65501138.0618202
1126027673.83468
1127858278.856
7833660.46735683
30210852.720374
8532894723.16511
8540889119.3866
105297752.774485
105429544.931212
61927460.1652968
134533438.533336
16386081.8301967
14735419477.1426
122606416.824967
302696502.755192
3167931130.19088
183467612.661781
2453545.97280329
379013650.875659
440008205.660489
443021729.589383
35894755.986639
44128314.313983
204833536.066908
163049119.672829
15037736.3505615
8431729625.83829
8433984784.56474
77166800.5650788
97744700.696798
99898789.1320943
676998604.140479
125098661.951723
36415489.6228873
58707926.1848076
159344632.048483
298939678.686873
341888944.654173
63677370.6019957
3057849.71726155
4054547.40976227
499804685.42442
501907612.345215
9148215.60179991
9580349.18133501
11300199.1515609
11802793373.9454
67124631.9122264
361154209.540938
9610351371.14727
9618714161.93351
72862409.7495324
13832527.1024586
16908006.2498013
1965585.44974934
10856861545.9697
30690916.762122
88098368.510485
88194443.4342552
65396953.6883072
83509368.0228728
223630164.768356
319846906.425452
9109410.70536151
2013084.26083768
4104464.79371521
9621452821.35303
9621753805.90606
214128876.237847
1879133820.81597
402185725.74535
11234399.1650787
86181423.566907
34137114.1440048
6056401.59173327
3264604238.14612
3270918090.79696
168771404.311813
234925516.341861
8456196383.65544
1872057390.6266
39137915.1304353
973486010.823506
24075321.5966596
45284474.6780151
438940115.066033
79699066.367786
81353606.3150422
6004901.74775263
3329743593.29718
3329850887.61642
132599284.158533
7960591.95999152
10363355.660064
116121478.714916
185795370.226599
79438313.9093804
82589559.621983
150061773.587169
45957989.7525153
250585497.269868
252867730.341739
845269321.998498
845516685.838773
73791696.5417454
76742284.4143444
11821892237.507
11848473737.0098
9013619.97976424
61283796.1831837
7416477.66961203
333458345.408602
23977117.2158441
28611319.31992
5087802042.99043
125194989.994822
230645.800859892
332351680.605953
19423126.5265744
167075067.310225
85872855.9877253
569484956.125155
572778558.827771
8447145785.85222
8449700686.32113
20839513.7665256
8274932.82318883
8519511804.1478
11295523.3750114
35832023.2253192
20331050.8562381
83486015.334501
84570529.4798505
4569617.60880264
35993100769.7804
145299911.147665
89854413.107441
89962409.823487
34612358283.4188
34628577625.1757
29885559.7720507
260590180.696537
34420711.4571284
13681290.4024364
4965217.2168946
11553670440.3892
38573991.6958126
39683400.5468719
43397680.4743673
84281716.0894654
105114595.724049
62331577.5209392
63824403.8718076
20099955.5649548
22452443.5899763
129909070.974766
497617067.563345
27874315.9675682
4444256.19535738
660944627.915755
256487489.710015
15422146.9887007
8248447156.68097
8249669610.90276
1083678344.51591
1085019628.48341
33203865.4972729
41032648.7660815
16075758.7084036
32122007.019467
73636496.7370599
43835213.7532476
4079258.14674587
12928276.5936202
17514237.992576
1202157703.46261
896863694.610345
12464008.0242338
728831131.573192
728881702.334574
47906691.5737988
981553434.005908
556354587.703419
47384998.1808567
10818095939.3956
1200440923.31211
19381894.8277335
62589887.6262469
3950943.63661417
106672862.142118
107473379.705993
45525590.7889768
38732965.6204147
711688385.206563
11910938.6935259
17378867.8102105
43469033.6438121
487085979.648539
488140666.48063
81527621.1634497
11575583.6676431
2225134994.16124
7462481.23196651
12877363.4074884
75640692.3206472
76324661.6617313
8576276064.95533
663575652.442665
663622526.955497
6307725.39248579
504595151.957675
548918985.467483
3171915999.63462
5064949814.9147
42591680.5999606
1114941386.24328
1123859312.18723
443186219.477581
3217667956.70644
330028067.193058
332294612.147144
17836622.5731468
5288972.93791559
176431899.458539
17702889614.7891
17708879310.6931
6110922.09320527
24632508.0149299
29145196.4329357
320591689.99285
7404982.58918485
90929031.4133728
14701678822.851
10240687.6349582
11147882.0806444
14602176.6090477
14240980.9071434
34428809258.3072
15308448.2056282
12676539.946882
13876617.6281109
11171427.2540472
14034833.8274785
175122279.323453
11751939.3675849
16722333.415125
16805756.193267
25088040.0732719
478354353.675657
22520473.7441765
174510159.621182
57550105.1012791
8404094561.37565
38032547.2716813
3304614330.75338
120448416.168872
78925074.5431002
16508341.9758653
15969968.0612324
20243388.7017082
484989547.290479
492929343.248473
38213353.2829287
106907871.552425
124004340.208241
2913777.77426095
93736955.9473526
11733461973.791
11786536030.0022
478328013.961915
3462886.79578197
7468264.40247583
477682249.392676
61508030.6978399
56207024.6373152
16747007.939473
13746032129.9857
13777507703.0434
336450910.767239
342572547.988997
6287867762.91162
6288385431.05707
1094148361.24183
1094186940.42075
17686795841.0511
17686880218.7144
116012156.16752
292976404.493301
13882499.2565402
210364341.591659
37598214.748433
14212990.9375002
10517347.0276122
65490530.1767942
66216669.8268194
198704463.809116
203255016.505477
6006058.61351669
126718307.567015
131064660.030443
117001329.534931
122385253.327139
35038934.8472652
1385432634.95928
34873700.10916
39811214.6625499
28441220.3037536
34519027.987185
366912831.463695
311365074.305981
318376276.792759
103962273.380898
121319877.142175
71315103.9292253
9893403.86015709
13950831.3130569
2257712591.84196
3121048.86519275
32701145.7523426
35359907.4977308
34265009903.1425
34272354042.8886
22604755.5807653
28783440.4338846
6032563.78933962
51131037.3182352
5266374.93095408
8461930.02286698
558258298.699077
562720517.664277
88604944.1187993
74634205.0088174
3773323.92397316
5795930.5933892
77701287.3516925
79135312.1166579
6595075.06864801
157756381.632304
161698091.600883
2294209.34642305
15080808.791399
5478870.69140775
572158422.082131
1667900684.87744
1687562661.81879
1713024022.9001
1726498597.89951
15953908.8385028
266779934.529203
8514891461.89862
6573149.89865412
11444948.8568044
13866584.9940022
17467004.466098
71250836.1613025
75104624.6149871
10278283.4785561
58461292.5812317
10063102408.8232
4444918.57514755
74953328.5054408
11336925516.7843
11639790487.0299
65207611.3426789
36159829.6264387
40229494.8567287
12654880.8747469
9446398.79362083
177717474.831944
179370982.241918
399098997.323281
5844700.15140815
33585388.6194421
38140343.7813964
2822565128.55446
10346328.2748137
59249051.0953449
309270550.523703
311763251.656392
13851767.5661918
51574706.9116477
59209700.9747439
23255846.535452
312555279.350447
324313088.997143
404261452.43449
11450659.4124244
33666283711.8383
33669197606.5254
139007373.226183
26676893.4037617
14717367.5295949
91548794.9419603
143046626.756484
2941144813.23866
2563860735.85442
2620690099.3094
1412051232.22171
28307602.5866827
13487996.495586
87781261.273875
33198829.7378543
50303380.7435342
110244474.774182
528034188.509948
531716422.4209
165769522.496471
329985736.376611
10080646985.2853
1088855485.9313
284045401.515909
285552451.563617
35894608.7587834
172883387.392651
27642826.6670418
3620097.72299221
4837977.2599203
21834631.0947784
26770059.0936311
155921569.249457
158740571.970619
40566199.1078385
49399567.7704034
9847776941.96742
164023189.830164
32770486.4036895
11708791456.272
589706551.655873
322277838.839349
324260872.99933
319084655.167817
102112783.68667
1111294800.60673
90696912.5031689
57155698.7616416
7813597.67455551
10143859.7191932
26164619.715649
196178752.953784
134828068.241421
2644846.34698222
3818505.2089967
25095641.7654237
118120475.829479
35179162.9164598
36101279.1124705
87464401.4229014
98775438.6004611
100539350.381187
65903998.0652935
71183023.6453526
83768668.3016265
84670830.5494028
215412072.279607
219086523.410443
143766693.543588
200599660.049478
269990290.453559
318183920.855163
3068162451.3852
5404272.97740046
6828675.31038817
158710987.69919
97282476.5039395
13883033.5663572
22171164.2306411
4264827160.81084
4265696184.94189
3229445.4000562
314271813.845414
18119301.2238394
492966619.132263
848625167.246376
93606500.6197148
58150926.8490448
126333906.782341
87955802.3841077
89238501.3570058
88015104.102624
104680245.326457
493344836.44158
19738713.8673323
8399932303.8689
78429093.8984455
182836498.777171
185017628.976155
1141612613.38623
1141751741.26223
605204695.498013
176314569.252948
26640991.9361172
274837692.025735
44918798.2949914
3356515358.71396
84920549.1705241
13548798.9732893
682017867.098282
40887015.8129518
1407285431.17637
3421743.15319235
7373108.06149006
15970538.503511
9851238180.71018
4857765.83710573
312048046.328168
313880024.094735
1068092017.03691
1270564873.78489
51561095.4293211
64135646.8958966
19493101.4193389
1609939191.80271
1667965504.50029
11806467027.8822
225464180.847727
230968513.997816
924559038.623702
285139997.661619
6709868.79950925
244258698.474857
84244638.1682579
508218159.773807
2459263088.89842
2461966197.62685
21727598.9951458
10854002696.9
15020045.566073
25804612.1021635
269291617.198759
13485844.3363644
82579901.6661879
60274493.4854043
184816593.310563
10059641793.2141
318629712.984312
327535719.41541
10686692.796688
121389639.076707
2849955564.66056
2857884773.17518
80222054.144927
84573633.4341314
5340106.76934276
7665002.88208839
3338970531.59586
3344655954.86718
25341683.5806212
10951991.5801332
53846341.5146951
441970987.700496
23187859.0492449
356821715.000488
563209461.309039
129483985.896114
6908269.30557211
3366508190.94974
359117996.58861
28399815.506423
31829521.7170447
508560533.895158
1850455.29899422
41538118.2787739
17167621.6508122
7773694.57547655
9233836.45513333
9844966553.44074
323591130.219519
46901266.9723422
103153471.339927
23075617.5163559
1801492.411012
20937709.5936484
392418141.827983
38345945.2692253
9706398263.94242
2733215.67435383
4338428.87394519
3781860.09175714
6339262.53577052
421265676.661099
2962943.0956545
5633587.49712336
1862466853.24509
12085399.8591556
1423110517.97057
9771484.42632475
77435667.5976601
394560514.760565
18479269.2090011
5706007.40611721
17597234117.1789
17602501511.9484
206860007.785756
1197548830.64653
22438764.8644876
4710583.96421666
11720616164.4485
11729347219.1976
255854149.000917
257359995.540337
3474928.66653753
3874626.63215153
383763234.448451
2443437.29968705
18116487.7655037
65644778.1252056
16454565.6316525
143343012.415608
151348982.084548
115091598.82965
75413181.3054524
1087405976.27461
262717276.096964
338237224.410255
91914972.0310661
4710488.38279516
20774866.6928873
12468258.8835525
17505237.7231334
28920057.8258538
896612712.054083
300345966.9282
306588352.390268
2849759251.00577
19958026.5890382
12450366.3455924
437083968.48175
3309220541.02324
585987346.140011
636252365.314542
55691046.3742709
203217338.342885
1544661.90758898
762029.113320511
47642790.2694879
2191540.63893818
18299468.7993246
9319624.92475633
76325547.6407932
38639188.8990871
18290927.3816102
12171929.5187175
338107340.016827
376541266.69976
160916331.7794
84504937.7078249
76890360.0392525
18798594.9048248
18827705.6891694
7779276.11000562
10839823.7705517
73874786.80826
90146441.4940918
3244536740.92764
43359744.3728748
2412378824.93091
11291590059.1198
302741198.462294
307712391.503476
36564428.0721369
459435799.597116
75500317.7009889
289570321.948829
23046377.5424256
40578608.8843742
45755281.5248067
12718237.7826525
77041316.272354
2823420597.30956
8398395379.75321
67405785.7639901
68325131.9396021
46527963.1020885
145264729.497918
6593523.72747541
30658751.4437352
164834543.377945
108964419.585658
527896.468648901
84460358.5385689
1130763941.56289
63400165.5424462
69170526.988371
158046542.313025
166878600.822776
11918270425.426
11927320344.452
144442832.499775
97078538.4403309
10874596678.9857
208988744.785224
211617917.018198
15549982.3610989
141841674.100811
13556198.4101778
43578037.7834043
237086882.880912
89533560.2094585
5464303.61966301
63783812.7846803
119833514.976403
23645897.9924306
4108657.77294616
22242615.7678829
25303076.6047941
2305057615.46135
2370452811.66177
3533651.72218487
5936271.50282258
1588932.04792554
4115236.28165624
30288551.1894816
31942768.6011013
10545258.4099472
15297932.4019227
78538537.0873534
3946573.91658457
105141489.024717
289145347.744713
298876860.43432
532880876.809999
4131841.26804096
2938636.90647964
5076814.96714146
20603812.1378074
8270755229.69021
1670543.38587174
3323279.00330004
11161209.991901
5230324.80049055
10875612916.6423
66250943.0747335
39767430.0997451
46768047.8196793
345843330.777685
350892152.950904
7082603.10533197
38219106.3289881
328664085.093119
577267492.413544
16180645.54821
17747412.3861918
6287477.71531884
50920466.7824368
182742200.372113
188361833.893172
73358542.3298603
7976907.628328
12857156.1515636
155920311.90713
24893896.2216822
3392121488.77806
1110236.30765656
3053064.24422673
32361424.1498209
35716280.6141482
14220450896.4948
14223526941.3551
58253429.157568
62295770.7323286
14656236935.2318
14692237933.7002
97043073.051923
9322398.80836489
23082616.7468459
10162542473.389
10543770827.1049
3600627.01008273
2993682882.18663
9979647.93325705
390944799.630637
39159634.1233418
308062144.606869
336212740.835815
65650875.2231956
72166975.5008416
1759580874.58037
28361983.1433862
818855877.048101
1141059681.84535
14538743.5432879
395587194.019652
399874656.126202
9440088.30071308
81753115.3964078
508873359.797688
513880237.587059
9657705.72064707
93952715.4532472
97035928.832399
558548830.419659
561153782.085191
16432106.781964
29092623.8432236
34057953.7981424
88445876.8675834
600207068.125371
600389958.939867
19411196.7646832
34331650.1817155
39830064.8971298
10744692.1064452
67193025.2237048
1141318819.05209
1141366994.21055
154887008.47483
202425000.318259
87512178.797467
551550762.423019
120444641.185858
120951015.407372
181340439.313927
39177797.6917294
9207923.17688046
2739422654.93709
2742053725.085
360838879.570627
368820329.840253
108689631.199816
428901905.203234
3817347.57913458
250158533.044894
15778623.1922896
406907079.907845
417383133.936108
16336403.6438362
272999178.299126
314304209.036036
317873331.945559
87921690.7750817
177508980.757902
159515534.425835
162183957.31601
118222371.790793
118229917.949245
87188413.7360973
89770988.5366649
1592202.87870837
4872787.34583207
62747391.2088761
1316693819.87013
416752209.200399
417179751.280991
9299405.59228671
3897909.67053446
149804889.978372
4101990.6792425
73303640.0509506
69488210.0696856
71532612.1303679
530316047.453805
2878528790.44937
2881311207.30276
1995413.39890631
41015274.4448152
4467728226.59138
4467891271.14541
8511349435.79687
95303471.9917127
100747200.735144
621316726.957801
267665953.452147
85922857.0295404
34776597.6738971
38685370.5093109
188772583.531262
82901809.7496768
325978317.859743
339937265.747202
23059764.112806
26917307.1983308
969005910.946234
14020987.4982331
184497707.843691
213924809.288238
217650180.992854
11941071152.6826
11960223849.3877
3533850.13187543
5690291.50320281
116980981.722065
28863877.2694691
10851921.4368887
159605715.329066
166888998.196878
10988409346.8566
291429761.959845
206684061.904992
2015352.23322772
9300232.63458307
86794923.9214829
48062612.6179349
11709824.6479296
13295010.0761023
63918513.1515178
11454131.3266285
713890187.279699
797773618.809989
21943495.189544
3983162.03949727
462353150.75613
11279188360.7726
194434817.139103
1082331897.14621
193214186.738681
411121791.069915
238174604.539351
261134980.842689
20142892.5847416
316616222.425837
1828128384.58693
5329497.62917904
7260937.01275834
45412212.7141489
9164838.95569798
18025410.4554354
67088847.87977
60099448.0636545
11390411.469051
1460432.19365037
17321062.9502337
1564558.95014421
6083141.0645855
27398788.1197536
32794599.9737339
74988502.2061098
4686602.5229377
4152397.56006324
19858965.8809127
86372394.6002632
269772816.799606
286461759.567059
30729156.0035103
13742223668.4124
10088711455.8068
17400852.5934424
371117720.044906
415074816.675973
422767164.83614
317935243.60631
42859823.078185
3420486937.36949
89417070.8784793
21102827.6641626
26807359.6648875
525792004.900999
3577812.23633874
66062665.1062684
69503231.5738658
7008834.94927139
64951173.9135335
37257159.0034544
34508729191.7203
54861023.6362797
135526344.563544
5921233.07403015
20485423.6402276
23156938.676397
2372047.75652718
84940977.3016606
307717090.894031
309588443.940395
31546762.3521094
14756028909.464
18093277.7821603
38548684.3211293
5037241.65314727
173149166.817762
253693710.207975
17952834.0442353
284243176.251077
297538400.262534
17593398044.6326
3221597137.15092
1091642871.3951
5438917.03915786
30730703.3033693
213298712.707466
213453450.58961
8542954143.95513
59473543.3832842
51905157.3714169
14951638.2241313
577353604.985082
20809323.3057764
24992968.8872448
312191874.314922
203725786.175953
52764068.7294879
37188082.2437215
15925825.3955795
3021116.36883415
161836442.876049
166682988.568714
5075037.49065729
26817236.6079964
1009222.04555352
83707325.3472892
3402566745.86344
20295674.7238284
1629737439.38022
1636519768.89139
124019731.370494
11656148.4477451
17562966.5099965
32039698.9683643
20452473.8693378
23120241.7017848
623267158.848878
6676281.54982592
9454783.21142446
144888517.919402
148734627.073228
343333285.305282
6850936.68116659
13313559.1904882
12081218.5005133
110749660.491502
79125452.718203
2743884.02760176
40064795.251012
43145011.1631618
67266678.6517771
370837417.269066
374659555.235029
4380897.94519834
175805635.808693
176933433.961725
540673176.823692
89001413.4824925
202046427.913249
236230483.3928
3583271.13028294
690518164.154185
1442153.86444211
7392166.78394962
41123113.6651414
29681831.0176627
32003842.9490458
6285046449.19469
13946260.7628621
19018125.9251442
25645877.2942612
7522136.27755027
90540224.215134
2317995.39032904
5249336.28798841
39415829.8949081
81044270.8274726
18988387.4303646
4537665092.92796
184287961.212309
185232413.016541
254419957.039971
4463087541.88091
2171414.99293537
3654577.30013857
1499359.79080267
2590619.4733214
34111993.805448
24059716.9117099
26805889.4857626
19633204.1940405
4558503.86343963
692092318.396849
703562603.920307
22726067.5094399
160719065.867166
329797654.415882
1155180.96015103
17630990.6208659
15651315.7825125
84740234.1536429
3268248.6071545
3978425.03873632
16057952.1032436
2253956374.19244
7645692.29372977
159307484.616244
15019360.5227352
394439902.182344
52282338.5952111
77260383.4588376
428775868.052665
108908387.896199
31446952.0439969
38581399.4881417
2558770334.92478
33698781366.0906
67456549.8973945
7109021.33685188
257321081.404036
258614221.71181
6291010795.0357
20218181.8282648
96960968.5586015
22479602.1479653
34457462031.7525
34458531779.5503
556432983.971877
181074843.488403
104064613.402986
1604514926.70804
844284856.727434
175475395.708804
25688579.1478684
28367121.7208712
1639572948.58747
1144320033.34271
64589048.7414095
10075212013.7014
5774200.03292186
127759632.402867
68518090.8894917
282311980.199604
324859157.000088
3838738.60324072
5026149.8533732
7632476.49925051
22116174.3617835
43708088.5234118
4053164.13217778
6097301.25951248
597766248.377541
15514506.8199454
38827353.5618456
168785954.622074
343702008.985193
8277363.13277405
69406810.2322752
48249302.7668329
83383710.2582271
152120761.43005
3051648.37585851
55356771.8459706
67054779.6452051
1603.07475550905
31875509.9038448
112655120.861017
18315689.9168635
45415054.3355185
22738956.7171849
76755829.3731166
68400183.6874688
129355440.81347
13852627.9970708
26271213.744692
455240027.49959
457716626.204377
30101463.141468
492435333.497096
286562760.293885
15593012.7568451
10272751.8545413
16358096.685353
79310867.6447954
89498905.0776769
841805.102369933
9566149021.55865
297165167.876566
282248223.944662
178833530.207207
184883363.698582
12886972.8200376
39485035.2838402
170928753.247571
156469705.098594
15275429.8567293
172471062.795898
98195377.9318477
79188822.8332083
103201742.576539
106727866.377838
12788856.7293549
5526612.6622192
194992955.658097
75760359.8648763
4984160.06644468
35503329.2648961
304643000.237862
21279200.6254382
25209682.9170465
7016663.32921386
18645053.3785538
26690429.7283903
20610708.2792034
22117814.707312
38164039.9288348
62637768.46417
66212729.8797887
177505050.783626
2768613.66336828
147746476.731794
2463356150.78604
2555223414.55035
27239385.4159796
53716606.6383229
767241352.006551
87344709.979593
15906782.5226019
18152417.4006469
89374277.286545
3336330048.9237
9832292864.53897
22788511.1749396
1653862539.09056
11524838845.086
54697993.366268
448000205.173376
12541525.472837
19071686.2415751
4126880.46822067
377679234.847315
113974172.838972
22094926.2751458
57991438.1794715
40276343.2307282
2902274.96798136
10151179.1296248
3425543367.18346
144142367.341174
109291174.548529
316992846.249151
334493033.999572
139934482.136025
143949020.856503
225983048.137445
1071198.27160188
9720029108.57067
145152662.480162
13416368.6983847
31440809.1957548
126941714.964104
129978615.806568
17388778.2220759
8387883090.55295
3354470083.80397
10881296728.2656
12054490.9604913
34059014796.2912
85825240.241513
56278958.622841
1590550342.12435
46428517.3849683
51137476.6515829
711871601.472347
4815503.55412514
20050257.6277345
22608058.6435901
11093426.2627607
49228917.700646
1753671.35890289
6754045.55527427
14764596.2686286
14638837.8724576
14878578.4642252
43399669.955283
19609984.557475
5045111.28715709
103980459.959836
580724692.681665
216267824.925765
10884916507.9035
54994283.1436096
3385737082.86147
11885591.56817
62815850.8204585
142093567.768736
8490891021.94863
8496411041.93855
47298025.5591714
386790386.66727
21977086.7782557
60039550.1637612
56262545.5943504
99190125.6242822
119543769.171437
594926821.972734
16300172.4529103
18478291.6192509
9717759889.9419
8792526.43868964
13012023.4550691
74125117.6235208
3607128272.33705
12359237.4967992
312738529.073781
71919858.1429315
62921349.9036139
65490482.2707981
40642041.3983281
1427121664.52128
5624748.55781018
743946.132554075
54697754.9572004
45472870.4407389
171256122.480967
16251302.4052868
26139951.7586947
72507399.5851199
325909741.949686
261218763.631705
278705387.643552
607620.997529063
2719009.30250252
13891399.0168568
28789522.8770009
15424852.2388608
65347751.7101454
37700175.7846606
7077530.31306274
20866851.6664046
4889020.77176875
155480906.277102
275360574.502876
425692304.783737
202105899.843627
11859672.2422551
8142898.61823529
13038796.0734304
11683337.8345167
17553086820.5691
45666625.1904962
2704802381.22805
297188359.98456
8568120.37084566
78836498.5168405
474120764.377653
54898097.5393557
4145508.19099711
47397458.3231136
23089036.0767276
51489732.9546853
9581838481.31794
406452600.902805
410062359.073972
413574988.295597
1736730.76820405
10833628.9134055
566972204.619985
53563953.7009526
11042041.2203992
1885929559.39966
24147259.8917127
251482914.319831
327369452.133654
165571947.439529
368293050.842628
3298593.4149168
621778.106154138
3111341.03555683
83718609.7586106
4533844218.22017
186743311.609354
13348145.722688
11938220210.8908
9586595758.29457
95811736.2506818
100246388.840384
28339881.181768
1701648511.41756
525231.873090011
22871028.0855173
26592657.1195837
3874978.70388333
28756661.7549617
9104086.27581172
144752828.050139
955707416.174822
5881597.85033613
494324133.99002
47150180.9674032
151232670.721404
1892860022.27119
22618849.6487247
101083299.008954
134434320.630591
1996231.3666687
296845175.866295
19641930.7164573
21693351.9044991
352368582.296731
68882356.0099961
2902717874.34365
178275829.680803
3573995098.38826
4709185.96950081
267577227.330776
455765497.521018
445918572.254739
190935324.56883
1324427.19175789
2400817.74785898
6147602.72705492
74941611.2403208
44676625.9631561
9726701791.54215
4537269159.03255
140607766.772385
100427108.220491
8123865.28083682
4951494.35999775
11997528.6243889
179628963.620234
3254111555.55183
264442141.758846
11934527539.8836
19420269.6331221
7570643.68573245
1607245.65934192
5010309.77974164
19161387.5044053
36395516.4472354
3422027336.72409
10924266.5037607
713351183.524275
67351639.1873521
771642361.739076
127654999.696002
10996220.84912
482645928.455796
30010854.9529233
1064765973.90942
287824702.097356
119572278.277251
24359532.1239271
29167089.4811598
4408147.11345492
315702426.268904
264735831.594427
152137010.811301
118837485.841442
122630166.295261
192669663.844658
154442948.544542
4456684828.04266
298094174.395701
972325.634760151
115585722.452338
542512774.605788
169435544.611956
3217757925.91158
3223008244.32682
3867444.20943592
4532756.29475574
298556780.889308
317954846.089967
81117563.6003938
59676860.3310109
431468924.531007
503766970.72622
17456899.5057828
23077779.9226881
1333002.06040628
21708436.0728219
1207796688.2095
9730128946.82503
431077309.122308
61759852.8059785
8494610.55603415
60699938.5711276
8670889.25486296
34513036103.6945
256639098.344318
554243259.713638
3319851.11911414
6645744.55120681
3376076462.59667
2976944.07695575
2850800.07083732
152421949.587582
17978670.4780449
91363212.6714592
109133167.921027
204892184.346124
86206649.618618
19672505.2835016
575243087.828024
9156117.38188901
428562068.607994
83579643.8863181
18239086.4938545
22108030.5285379
13272278.5449751
8269227.70069209
9571352.2348954
1655086.60030707
243156009.920456
21834334.0229248
780353378.982128
794429077.733525
2964087.32819971
8551632944.19349
197909918.065013
202290561.999948
18152475.9993896
21901027.5922973
36056549.0457976
534971014.272691
10346674.6595219
843720460.799658
1679522442.54836
3382685159.35957
335952723.676212
341095030.60504
30425568.6531779
339076309.161324
584992012.591166
589983260.823275
1661502237.01035
18779447.4150037
2802773.95505743
37085349.948611
34102384.2535564
4335983.59474141
66806091.9535334
3011657.8747615
34484817.0583916
47649845.5142187
1390375.58666448
15566218.7812317
178124136.88274
180035269.045962
4421886365.31106
9493326.82253401
55928717.1339204
127242567.741463
17614705941.9082
279531803.075844
11380131.6547761
182395385.889778
17587805128.4034
20784192.6892103
4535079960.93181
21287285.0819858
264295516.594936
833197690.687858
164576764.49465
12855007.9036947
17554593655.9108
14385769.1675754
105769883.98248
10555606.5270823
85710238.3170105
143042899.718283
10570287.0496364
49840827.1144519
728113127.457492
5199385.91134981
3326850.15777762
8486450375.68269
1380270.49612014
81199834.4310066
189109129.302035
21927889.8454591
150961187.490909
154203372.61172
8281423754.00598
3486380.17003474
35864901.8875135
2661589843.17975
100680246.491152
152814309.564326
57729262.0495193
33966296271.4573
33993883231.7286
7357140.92920567
3550759329.36473
5952198.6381733
1664593221.76511
342658837.675088
4266307913.86022
28131168.266705
9063549.53482583
1358490.0567603
10870800504.694
181720157.104511
8768255.681036
18480479.4104897
96594486.9156796
149656910.559992
31086092.8483745
1965609.15191794
10563138982.0873
6418255.58717409
112388585.042011
15801195.7784074
3593580785.71207
147413781.81867
45889529.7501939
1758192.66348378
163543791.441305
2331567.46432972
19987597.3820806
69939676.0178306
577585196.084408
5169252.06641063
7276868.82997654
629226167.614667
8597458.50455392
144202911.303281
3329565.09393521
434572370.472164
34302499626.6889
73267460.3013497
145408683.062854
13187139.8368279
2231998359.17501
10864000.9399947
553264557.231047
380293904.402343
14238119063.5176
1693091400.33463
15515495.1594264
246913387.25113
138371950.581404
79411229.4102597
12750235.1105919
1137621124.62674
539446488.939888
14751032340.6169
2675564.32350188
33954362167.4667
46736667.9316829
49404686.7546651
12399541.6995651
301721671.251283
17682402266.3093
1317749.27394064
3266482470.0722
11982137648.0185
837731211.775735
25032552.1175
187506128.554872
11414404.822738
1690837605.53432
1697799579.61073
111982012.902341
49375451.8051267
51511552.0855865
4058104.94664305
9561744838.27906
19256877.5009868
296003695.317824
44688303.6222891
3379203566.49087
9733677198.72218
10976880946.3045
555802743.943439
50173040.3217072
3478335.61177627
176385641.450415
2631777.8856858
29491247.2369817
426536.129419971
2266796.28836475
363875386.566216
231231545.922489
1861787200.7588
181811471.342784
5300265.11624742
2057592.01184312
2825525136.31236
56383381.3026415
685192082.63103
413881867.118423
9552251687.0451
451484156.146375
5900524.01467849
61833304.5501359
69128306.1658512
14793218392.5405
236613543.53263
36091219.2820336
81834024.9925376
379807112.356453
355302619.021967
20240168.3790682
79176126.8057207
15938937051.6174
15943608841.2922
53279855.3202984
3390997.06967566
88520452.5256164
181194898.896261
34452798028.5597
3932968.55334035
9744042850.90127
43859476.11288
2199052.30602014
2680732448.63153
351173490.674007
353764263.713976
40289523.3463731
152066813.35553
29432188.6608898
33033700.1982188
5211539.36285116
27360558.2881046
472886404.362517
18898111.6147485
139040383.522975
13259475.3681251
281623249.192026
155518527.793356
975886403.3963
833374623.816522
1151693.99283562
9595935.82619589
3571783.83443154
10283517.0524462
8242914626.9143
169960064.619321
36159120.5201485
3425973998.55161
17549894053.9627
1560933.78413528
58697512.7023674
2630727.71120925
88146877.3259779
16470439.9683472
408441427.186856
31422832.8210167
34149255.4891197
443353344.158543
74968197.1272187
341690969.03779
114136399.303894
67857324.1580666
17723771.687211
343999463.063641
8524122.75387869
2632508.30678448
9240632.93030402
415931069.661912
3946647.30484852
3505147.53571096
43173380.2773489
2790184185.82883
601798957.878197
2720342.95422505
33688319024.8978
33696973176.8023
5265822.13803767
44305523.373602
76290285.9905763
81768969.3073294
58162715.6210731
4260560378.1799
88400912.4213238
14877685.1939723
445786218.272677
34059328.5242393
1134426881.50394
1134495737.75875
86092682.7294468
42985728.5036253
63022066.7621837
64359035.1649453
518682.732463476
433460614.850345
92496066.1072763
66246767.884897
319993001.951731
26975937.5218068
1534372.00630967
261069069.152527
2546336.95050599
27754271.2465967
3095656069.99708
1093593079.40218
582584173.731491
4329885.37690196
3007696.34871866
260131204.64111
261385710.323248
167359036.070194
194837600.718351
263972476.815639
8914224.56612606
2489174.35375937
17233798.5568735
28646707.5209973
36627872.9459154
55565628.9594121
58562646.8220041
33883641.9863173
1136428.08791641
12553729.7911319
18658374.0076073
12567549.6038707
2950491.12714455
50900606.5063223
2900504091.437
397926134.135769
406764256.665542
3764042.29375253
13888428.3774442
2126189.13900598
73658973.2883555
3219984.79579804
8150103.08189984
4535920427.02343
4536693920.0049
61942382.4112472
152918505.375507
19618212.2518781
745039.617034165
1085847279.52658
183104476.665152
6106481.56519999
28331814.7174022
600080325.413049
6082122.04766893
78263045.9247457
344261287.001882
441262284.790454
26251722.2127261
1000898.99201081
1970592.57377379
1216462740.91963
274762823.579458
3581402.10245411
2019618.13442088
5195013.76744327
9839028313.38703
387361681.642544
1067951.89420004
107056005.396399
81380124.4270796
52672772.5158634
66186298.0984141
1229987.42744838
119417709.477907
281397046.098499
3385850895.51408
1137546749.58576
1052051.40690525
229065091.210857
5421728.17244889
2145385.2231257
78959922.3395998
592383528.269059
8047792.33578983
54502691.0726737
384823851.569277
3425819.29807372
1603915526.09437
1603977921.96507
1951982.81663188
110587514.962474
117321438.55206
115884046.424895
42511421.7419017
11296467395.5127
637823423.008586
10979012873.1594
34038581352.0343
34043521077.34
8454143224.71715
51824153.5249914
15703534.0221157
589945482.02382
302728211.254105
1002574.58327862
1092572.49293334
178969447.729754
3250184.44981924
6078574.19198796
3210429654.06146
7955954.1760607
1601949315.85404
208671375.432633
25934262.6145693
11287662.5557162
1051668.80162627
408641491.84096
404683372.033123
1141553695.0726
35535970.3323901
681408752.575866
30621475.262533
170636229.315642
20453474.8103227
40819137.2161148
482015967.761287
43134793.3414424
2560080.89917411
84415024.3960115
80725758.5776909
3428912.15093882
1680061.60886488
378735297.310893
3012202.43332814
2408602769.90868
90459313.5325025
34029344660.9922
1340755.05589202
4506586.91511624
218380790.005259
48108974.9409337
1141405731.94974
49525048.3698116
284692326.46349
34535135070.3729
1061851804.86476
51068337.1292196
5077186.09420574
533025343.539295
2358703.70931344
2359307.07670671
32306357.5118956
25678066.7821952
593248522.859436
762598.749509356
143676743.084342
64989278.3305062
1138229.57118882
112751147.208561
3101092.30063341
3334135910.84148
10773893.7182612
67298662.82635
82753824.6757907
11353252.9363758
55357010.4082924
5080393032.66647
60957812.4403694
34284179033.6199
112311374.079221
48414817.3965836
2514417.45767577
481209.577599016
6491228.20403911
589409.781970878
2524360.62026698
97663082.1346997
272998207.840773
14946192.9198181
842772.84296314
3626040238.27413
1096257.89281667
70383237.555791
2698345328.80442
110065002.210278
1802824.24603593
314624901.353027
62938600.3668309
2510310.59759704
2197043.83965553
33943946.6001295
576825740.317048
7335565.51163242
3902022.67306481
1187792.99133594
874840.260104481
2012663.63252515
3006819.31663558
837617.801115689
3781631.04180018
1937515.86156846
1124199.24468375
90063733.2677366
114897772.568338
3051255.24418677
1141392612.42347
2374801.9470874
1061499382.11424
1532632.74248491
2136153.83087044
10155815.1622612
851707.465415835
